%YAML:1.0
---
K: !!opencv-matrix
   rows: 3
   cols: 3
   dt: d
   data: [ 1.4278864030564059e+03, 0., 9.2110209478195770e+02, 0.,
       1.4240934110097553e+03, 5.8539770965476043e+02, 0., 0., 1. ]
D: !!opencv-matrix
   rows: 5
   cols: 1
   dt: d
   data: [ -1.1456147845986980e-01, 1.7643270086064303e-01,
       9.3377519650167742e-04, -2.5349532491927380e-03,
       4.2581452555120122e-02 ]
