%YAML:1.0
---
K: !!opencv-matrix
   rows: 3
   cols: 3
   dt: d
   data: [ 1.4373157058637851e+03, 0., 9.3403147513327110e+02, 0.,
       1.4339440401267448e+03, 5.8214906718345787e+02, 0., 0., 1. ]
D: !!opencv-matrix
   rows: 5
   cols: 1
   dt: d
   data: [ -1.1124660850262313e-01, 2.1748489676796204e-01,
       2.8531942449300924e-04, 6.8164597490276717e-04,
       -5.0131322171536694e-02 ]
