%YAML:1.0
---
K: !!opencv-matrix
   rows: 3
   cols: 3
   dt: d
   data: [ 1.4402873339338405e+03, 0., 9.4512631631707484e+02, 0.,
       1.4380158865851972e+03, 5.8512556500277708e+02, 0., 0., 1. ]
D: !!opencv-matrix
   rows: 5
   cols: 1
   dt: d
   data: [ -1.1225260276031897e-01, 1.8019261836404396e-01,
       9.6327373382498163e-04, 1.1612213205493200e-03,
       3.1663262318293631e-03 ]
