%YAML:1.0
---
K: !!opencv-matrix
   rows: 3
   cols: 3
   dt: d
   data: [ 1.4382957540958657e+03, 0., 9.3774979844923246e+02, 0.,
       1.4356174302225143e+03, 5.8390828132897309e+02, 0., 0., 1. ]
D: !!opencv-matrix
   rows: 5
   cols: 1
   dt: d
   data: [ -1.2111182389231331e-01, 2.3027228993653417e-01,
       7.5674578423083269e-04, 3.7589314260275537e-04,
       -9.4410076663656778e-02 ]
