%YAML:1.0
---
K: !!opencv-matrix
   rows: 3
   cols: 3
   dt: d
   data: [ 1.4431728722219980e+03, 0., 9.3442760083314738e+02, 0.,
       1.4403018799180074e+03, 5.8415336651916425e+02, 0., 0., 1. ]
D: !!opencv-matrix
   rows: 5
   cols: 1
   dt: d
   data: [ -1.2472458937358410e-01, 2.3286795913768182e-01,
       1.0870792016367630e-03, 1.9373660746965256e-04,
       -8.5950254526894684e-02 ]
