%YAML:1.0
---
K1: !!opencv-matrix
   rows: 4
   cols: 4
   dt: d
   data: [ -8.3181185991890794e-01, -1.2818462244926254e-01,
       -5.4005345315606179e-01, 1.5644963702436937e+02,
       1.1815747047270600e-01, -9.9156007434539606e-01,
       5.3361326217063548e-02, -1.6068961801120693e+01,
       -5.4233554361643888e-01, -1.9424765936615060e-02,
       8.3993740040467868e-01, -1.2116461725804734e+02, 0., 0., 0., 1. ]
