%YAML:1.0
---
K1: !!opencv-matrix
   rows: 4
   cols: 4
   dt: d
   data: [ -9.8176803570257609e-01, -1.1268231720995921e-01,
       1.5308239435316975e-01, 2.1146821447495165e+02,
       1.1126981903038928e-01, -9.9363097160881242e-01,
       -1.7790998641780600e-02, -2.6876873838384345e+01,
       1.5411213918977854e-01, -4.3318347331225415e-04,
       9.8805326825350304e-01, -2.3476340473478524e+02, 0., 0., 0., 1. ]
