%YAML:1.0
---
K1: !!opencv-matrix
   rows: 4
   cols: 4
   dt: d
   data: [ -9.0610760020479408e-01, -7.5611550550580026e-02,
       -4.1623540247610535e-01, 1.8377231722706222e+02,
       7.9085686730110738e-02, -9.9682793979407469e-01,
       8.9169838132990634e-03, -2.3680801679603793e+01,
       -4.1558930569197172e-01, -2.4838515842073423e-02,
       9.0921316374391981e-01, -1.8289136774975307e+02, 0., 0., 0., 1. ]
