%YAML:1.0
---
K1: !!opencv-matrix
   rows: 4
   cols: 4
   dt: d
   data: [ -8.2999712355374655e-01, -1.2674866711540297e-01,
       -5.4317543232088117e-01, 1.5625116394211065e+02,
       1.1642880406821809e-01, -9.9175624206184654e-01,
       5.3515324110101084e-02, -1.6125858176959106e+01,
       -5.4548062154007992e-01, -1.8823700906927174e-02,
       8.3791202390729236e-01, -1.2102319766093747e+02, 0., 0., 0., 1. ]
