%YAML:1.0
---
K1: !!opencv-matrix
   rows: 4
   cols: 4
   dt: d
   data: [ -8.7024550964364811e-01, -1.1802649636849824e-01,
       -4.7827032011200982e-01, 1.5422427318685249e+02,
       1.0883061102731109e-01, -9.9294798248551108e-01,
       4.7012787424015684e-02, -1.3523046419976680e+01,
       -4.8044630402209315e-01, -1.1137784022436689e-02,
       8.7695341878493183e-01, -1.2140870142193511e+02, 0., 0., 0., 1. ]
