%YAML:1.0
---
P: !!opencv-matrix
   rows: 3
   cols: 1
   dt: d
   data: [ 3.8429347196558297e+00, 2.0750331260737021e-01,
       1.7668620622107301e+02 ]
