%YAML:1.0
---
P: !!opencv-matrix
   rows: 3
   cols: 1
   dt: d
   data: [ 3.2681141660548860e+00, 5.2048482231036530e-02,
       1.5182155769557721e+02 ]
