%YAML:1.0
---
P: !!opencv-matrix
   rows: 3
   cols: 1
   dt: d
   data: [ 3.5560752478854454e+00, 5.3020579858746530e-02,
       1.5576547970571346e+02 ]
