%YAML:1.0
---
P: !!opencv-matrix
   rows: 3
   cols: 1
   dt: d
   data: [ 3.9045021934294510e+00, 1.5546397058286954e-01,
       1.7374596775421151e+02 ]
