%YAML:1.0
---
K1: !!opencv-matrix
   rows: 16
   cols: 3
   dt: d
   data: [ 8.0000099999999998e+02, -3.0994000000000000e+01,
       7.9004000000000005e+01, 7.6199599999999998e+02,
       -3.1003000000000000e+01, 7.8498999999999995e+01,
       7.5999599999999998e+02, -5.9994999999999997e+01,
       7.8197999999999993e+01, 7.5899400000000003e+02,
       -6.0598999999999997e+01, 6.4992999999999995e+01, 795.,
       -1.9994000000000000e+01, 6.4998999999999995e+01,
       7.9500500000000000e+02, -20., 8.0001000000000005e+01,
       8.1699699999999996e+02, 4.4500000000000000e+01,
       9.9989000000000004e+01, 7.7000199999999995e+02,
       4.4499000000000002e+01, 1.0500300000000000e+02,
       7.5899599999999998e+02, 5.9994999999999997e+01,
       9.0594999999999999e+01, 7.6900400000000002e+02,
       -2.9997000000000000e+01, 9.0004999999999995e+01, 769.,
       -7.5004999999999995e+01, 85., 7.2000599999999997e+02,
       2.0006000000000000e+01, 8.0007999999999996e+01,
       7.7000500000000000e+02, 26., 7.7507000000000005e+01,
       7.7699900000000002e+02, -1.9992999999999999e+01,
       7.7001000000000005e+01, 7.6999800000000005e+02,
       -2.7998999999999999e+01, 6.0003999999999998e+01,
       8.1999699999999996e+02, -2.0004000000000001e+01,
       5.9000999999999998e+01 ]
