%YAML:1.0
---
K1: !!opencv-matrix
   rows: 15
   cols: 3
   dt: d
   data: [ 1.0790010000000000e+03, -5.7000999999999998e+01,
       -3.9899900000000002e+02, 1.0390029999999999e+03,
       -5.6997000000000000e+01, -399., 1.0990020000000000e+03,
       -1.6600399999999999e+02, -3.6199599999999998e+02,
       1.0780020000000000e+03, -1.3999799999999999e+02,
       -3.4000299999999999e+02, 1.0649970000000001e+03,
       2.9004000000000001e+01, -3.0700799999999998e+02,
       9.7799599999999998e+02, -5.9996000000000002e+01,
       -3.2600200000000001e+02, 1.1339949999999999e+03, -31.,
       -3.0999900000000002e+02, 1.1260020000000000e+03,
       1.8992999999999999e+01, -3.6760199999999998e+02,
       1.1069990000000000e+03, -1.7900200000000001e+02,
       -3.7499799999999999e+02, 1.0459970000000001e+03,
       -2.5994000000000000e+01, -3.6499900000000002e+02,
       1.0330060000000001e+03, -9.2001000000000005e+01,
       -3.6999799999999999e+02, 1128., -5.4997999999999998e+01,
       -3.4999900000000002e+02, 1.1080010000000000e+03,
       1.3000999999999999e+01, -3.4900400000000002e+02,
       1.0920050000000001e+03, -5.5005000000000003e+01,
       -3.4699500000000000e+02, 1.1289900000000000e+03, -55.,
       -3.4700799999999998e+02 ]
