%YAML:1.0
---
K: !!opencv-matrix
   rows: 3
   cols: 3
   dt: d
   data: [ 1.4266102305851141e+03, 0., 9.3208629712445577e+02, 0.,
       1.4248281762027116e+03, 5.8808431249667035e+02, 0., 0., 1. ]
D: !!opencv-matrix
   rows: 5
   cols: 1
   dt: d
   data: [ -9.2176665397041280e-02, 8.6670529677326233e-02,
       -8.5811821446992722e-04, 9.9469825533649394e-04,
       1.2761612312204862e-01 ]
