%YAML:1.0
---
K1: !!opencv-matrix
   rows: 4
   cols: 4
   dt: d
   data: [ -9.8390659619785914e-01, 1.5900812239829998e-01,
       8.1512127746181384e-02, 1.8214384324017379e+02,
       -1.6668351093686329e-01, -9.8111991840710788e-01,
       -9.8083193701011193e-02, 3.9264305186543581e+01,
       6.4377147654296696e-02, -1.1009142889524486e-01,
       9.9183439149068642e-01, -1.8195218174870547e+02, 0., 0., 0., 1. ]
