%YAML:1.0
---
K1: !!opencv-matrix
   rows: 14
   cols: 3
   dt: d
   data: [ 1.0489910000000000e+03, -2.5799299999999999e+02,
       -3.5500799999999998e+02, 1.1300039999999999e+03, -258.,
       -3.5499299999999999e+02, 1.1329939999999999e+03,
       -2.0600600000000000e+02, -363., 1.0899929999999999e+03,
       -2.9799500000000000e+02, -3.6700299999999999e+02, 1021.,
       -2.1000200000000001e+02, -404., 1.0159960000000000e+03,
       -2.7799400000000003e+02, -3.6000500000000000e+02,
       1.0879980000000000e+03, -2.1299400000000000e+02,
       -3.6900500000000000e+02, 1.0819939999999999e+03,
       -2.6999599999999998e+02, -3.7900400000000002e+02,
       1.1050020000000000e+03, -2.2600399999999999e+02,
       -3.3100200000000001e+02, 1.1329949999999999e+03,
       -2.0600600000000000e+02, -363., 1.1000039999999999e+03,
       -2.4500500000000000e+02, -3.3999900000000002e+02,
       1.1240029999999999e+03, -2.5199700000000001e+02,
       -3.5199799999999999e+02, 1.1030110000000000e+03,
       -2.3100500000000000e+02, -3.6499099999999999e+02, 1096.,
       -2.9099799999999999e+02, -3.1600099999999998e+02 ]
