%YAML:1.0
---
K1: !!opencv-matrix
   rows: 2
   cols: 3
   dt: "3d"
   data: [ 5.0166125478341017e-01, -3.4146942859918705e-01,
       7.9481734680445859e-01, -7.1644652107867535e-01,
       -6.7892472769105594e-01, 1.6051665509811947e-01,
       4.8480962024633706e-01, -6.4996910962119592e-01,
       -5.8523481497159091e-01, 6.1237243569579458e-01,
       6.1237243569579458e-01, 5.0000000000000000e-01,
       3.5355339059327373e-01, 3.5355339059327379e-01,
       -8.6602540378443871e-01, -7.0710678118654757e-01,
       7.0710678118654757e-01, 4.3297802811774670e-17 ]
